1 0
2 0
3 0
4 0
5 0
6 0
7 0.308228
8 0.588538
9 0.868085
10 1.14003
11 1.40208
12 1.65211
13 1.89348
14 2.12405
15 2.34504
16 2.55983
17 2.768
18 2.96663
19 3.16258
20 3.3527
21 3.5373
22 3.71729
23 3.89288
24 4.06762
25 4.23633
26 4.40042
27 4.56358
28 4.72557
29 4.88066
30 5.03762
31 5.18937
32 5.34194
33 5.49101
34 5.63913
35 5.78322
36 5.92699
37 6.07015
38 6.20941
39 6.34804
40 6.48581
41 6.62251
42 6.75799
43 6.89142
44 7.02419
45 7.15591
46 7.28623
47 7.41485
48 7.54337
49 7.67131
50 7.79819
51 7.92183
52 8.04722
53 8.17021
54 8.29372
55 8.41546
56 8.53652
57 8.65774
58 8.77551
59 8.89507
60 9.01265
61 9.13025
62 9.2485
63 9.3637
64 9.47853
65 9.59481
66 9.7079
67 9.82215
68 9.93538
69 10.0479
70 10.1593
71 10.2706
72 10.3827
73 10.4924
74 10.6018
75 10.7108
76 10.8212
77 10.9279
78 11.0371
79 11.1441
80 11.252
81 11.3574
82 11.4633
83 11.5694
84 11.6753
85 11.7794
86 11.8843
87 11.9883
88 12.0912
89 12.1953
90 12.2977
91 12.4007
92 12.5027
93 12.6046
94 12.7064
95 12.8069
96 12.9072
97 13.0085
98 13.1086
99 13.2084
100 13.3086
101 13.4073
102 13.5062
103 13.6046
104 13.7037
105 13.8013
106 13.8985
107 13.996
108 14.093
109 14.1895
110 14.2858
111 14.3829
112 14.4782
113 14.5744
114 14.669
115 14.7657
116 14.8604
117 14.9555
118 15.0492
119 15.1429
120 15.2373
121 15.3313
122 15.4254
123 15.5182
124 15.6115
125 15.7047
126 15.7962
127 15.8888
128 15.9818
129 16.0741
130 16.1643
131 16.2566
132 16.3474
133 16.4387
134 16.5303
135 16.6201
136 16.7108
137 16.8009
138 16.8916
139 16.9814
140 17.0718
141 17.1613
142 17.2499
143 17.3397
144 17.4282
145 17.5167
146 17.6066
147 17.6948
148 17.7827
149 17.8709
150 17.9598
151 18.0467
152 18.1354
153 18.2213
154 18.3092
155 18.3958
156 18.4828
157 18.5699
158 18.6572
159 18.7432
160 18.8298
161 18.9168
162 19.0031
163 19.0885
164 19.174
165 19.2596
166 19.345
167 19.4302
168 19.516
169 19.6003
170 19.6855
171 19.7703
172 19.8555
173 19.9395
174 20.0244
175 20.1086
176 20.1916
177 20.2761
178 20.3597
179 20.444
180 20.5271
181 20.6104
182 20.6939
183 20.7773
184 20.8603
185 20.9443
186 21.026
187 21.1084
188 21.1912
189 21.274
190 21.3566
191 21.4385
192 21.5219
193 21.6025
194 21.6852
195 21.7674
196 21.8482
197 21.9306
198 22.0125
199 22.0935
200 22.1749
201 22.2561
202 22.3367
203 22.4176
204 22.4981
205 22.5789
206 22.6592
207 22.7405
208 22.8208
209 22.9013
210 22.9817
211 23.0613
212 23.1415
213 23.2221
214 23.3011
215 23.3813
216 23.4613
217 23.5409
218 23.6202
219 23.6992
220 23.7781
221 23.8583
222 23.9361
223 24.0153
224 24.0948
225 24.1736
226 24.2527
227 24.3311
228 24.4096
229 24.4882
230 24.5662
231 24.6446
232 24.7231
233 24.8014
234 24.8795
235 24.9582
236 25.0348
237 25.1138
238 25.1903
239 25.2687
240 25.3467
241 25.4233
242 25.5005
243 25.578
244 25.6558
245 25.7339
246 25.8104
247 25.8871
248 25.9639
249 26.0408
250 26.1177
251 26.1946
252 26.2713
253 26.3479
254 26.4243
255 26.5008
256 26.5783
257 26.6532
258 26.7301
259 26.8065
260 26.8825
261 26.9579
262 27.0349
263 27.0942
264 27.142
265 27.183
266 27.2187
267 27.2512
268 27.2827
269 27.3113
270 27.339
271 27.3659
272 27.394
273 27.4203
274 27.4468
275 27.4725
276 27.4994
277 27.5258
278 27.5517
279 27.5769
280 27.6031
281 27.63
282 27.655
283 27.6807
284 27.7072
285 27.733
286 27.7595
287 27.7854
288 27.8107
289 27.8378
290 27.863
291 27.8887
292 27.915
293 27.9405
294 27.9666
295 27.9919
296 28.0187
297 28.0437
298 28.0702
299 28.0958
300 28.1217
301 28.1469
302 28.1733
303 28.1988
304 28.2246
305 28.2504
306 28.2763
307 28.3022
308 28.3272
309 28.3532
310 28.3798
311 28.4055
312 28.4303
313 28.4565
314 28.4824
315 28.5074
316 28.5329
317 28.5589
318 28.5853
319 28.6107
320 28.6366
321 28.6614
322 28.6882
323 28.7138
324 28.7384
325 28.7648
326 28.79
327 28.8157
328 28.8416
329 28.8664
330 28.8928
331 28.9182
332 28.9437
333 28.9694
334 28.994
335 29.0202
336 29.0451
337 29.0715
338 29.0966
339 29.1219
340 29.1483
341 29.1732
342 29.1982
343 29.2245
344 29.25
345 29.2749
346 29.3008
347 29.326
348 29.3521
349 29.3775
350 29.4022
351 29.4278
352 29.4526
353 29.4782
354 29.5038
355 29.5294
356 29.5542
357 29.5796
358 29.6057
359 29.6309
360 29.6566
361 29.6815
362 29.7082
363 29.7339
364 29.7613
365 29.7876
366 29.8142
367 29.841
368 29.8667
369 29.8938
370 29.9197
371 29.9468
372 29.9727
373 29.9996
374 30.0253
375 30.0518
376 30.0782
377 30.1042
378 30.1299
379 30.1552
380 30.1811
381 30.2065
382 30.2313
383 30.2565
384 30.2819
385 30.3066
386 30.3306
387 30.3561
388 30.3801
389 30.4029
390 30.4273
391 30.4513
392 30.4738
393 30.4966
394 30.5195
395 30.5423
396 30.5649
397 30.5858
398 30.6076
399 30.6288
400 30.6503
401 30.6708
402 30.6916
403 30.7115
404 30.7307
405 30.7502
406 30.7699
407 30.7879
408 30.8062
409 30.825
410 30.842
411 30.8594
412 30.8773
413 30.8931
414 30.9098
415 30.926
416 30.9409
417 30.9561
418 30.9707
419 30.9848
420 30.9985
421 31.0117
422 31.0244
423 31.0383
424 31.0501
425 31.0616
426 31.0726
427 31.0833
428 31.0944
429 31.1043
430 31.1139
431 31.1232
432 31.1322
433 31.1409
434 31.1478
435 31.1559
436 31.1623
437 31.1685
438 31.1745
439 31.1803
440 31.1859
441 31.1912
442 31.1945
443 31.1986
444 31.2016
445 31.2046
446 31.2075
447 31.2095
448 31.2105
449 31.2114
450 31.2124
451 31.2134
452 31.2127
453 31.212
454 31.2114
455 31.2091
456 31.2069
457 31.2047
458 31.2025
459 31.1989
460 31.1953
461 31.1918
462 31.1868
463 31.182
464 31.1833
465 31.1917
466 31.2028
467 31.2164
468 31.2338
469 31.2522
470 31.2727
471 31.2954
472 31.3186
473 31.3439
474 31.371
475 31.3987
476 31.4276
477 31.4576
478 31.4895
479 31.5232
480 31.5565
481 31.5913
482 31.6278
483 31.6654
484 31.7041
485 31.7437
486 31.7842
487 31.8254
488 31.8674
489 31.9113
490 31.9557
491 32.0017
492 32.048
493 32.0957
494 32.1435
495 32.1938
496 32.2438
497 32.2935
498 32.3454
499 32.3979
500 32.4509
501 32.506
502 32.5606
503 32.6162
504 32.671
505 32.7281
506 32.7856
507 32.8432
508 32.9023
509 32.9611
510 33.0208
511 33.0811
512 33.1416
513 33.2021
514 33.2633
515 33.3261
516 33.3877
517 33.4509
518 33.5141
519 33.5766
520 33.6407
521 33.7043
522 33.7688
523 33.8339
524 33.8977
525 33.963
526 34.028
527 34.0924
528 34.1573
529 34.2235
530 34.288
531 34.3539
532 34.4189
533 34.4844
534 34.5493
535 34.6154
536 34.6806
537 34.7445
538 34.8095
539 34.8747
540 34.9393
541 35.0038
542 35.0674
543 35.132
544 35.1954
545 35.2591
546 35.322
547 35.3853
548 35.447
549 35.509
550 35.5715
551 35.6325
552 35.6933
553 35.7537
554 35.8139
555 35.8734
556 35.9322
557 35.9903
558 36.0491
559 36.1058
560 36.1635
561 36.2193
562 36.275
563 36.3302
564 36.3848
565 36.4384
566 36.4909
567 36.5432
568 36.5951
569 36.6465
570 36.6962
571 36.7457
572 36.7948
573 36.8425
574 36.8887
575 36.936
576 36.9807
577 37.0253
578 37.0688
579 37.1122
580 37.1545
581 37.1957
582 37.2353
583 37.2752
584 37.3137
585 37.3507
586 37.3881
587 37.4232
588 37.4578
589 37.4911
590 37.524
591 37.5565
592 37.5861
593 37.6162
594 37.6452
595 37.6731
596 37.6999
597 37.7257
598 37.7505
599 37.7738
600 37.7964
601 37.8185
602 37.8378
603 37.8577
604 37.876
605 37.8938
606 37.9102
607 37.9251
608 37.9397
609 37.952
610 37.964
611 37.9757
612 37.9853
613 37.9947
614 38.002
615 38.0091
616 38.0135
617 38.0191
618 38.022
619 38.0249
620 38.0264
621 38.0258
622 38.0252
623 38.0235
624 38.0209
625 38.0161
626 38.0115
627 38.0059
628 37.9984
629 37.9902
630 37.9822
631 37.9716
632 37.9604
633 37.9477
634 37.9354
635 37.9208
636 37.9059
637 37.8898
638 37.8725
639 37.8542
640 37.8358
641 37.8158
642 37.7949
643 37.7735
644 37.7507
645 37.7268
646 37.7033
647 37.6775
648 37.6509
649 37.6246
650 37.5959
651 37.567
652 37.5382
653 37.508
654 37.4768
655 37.444
656 37.4124
657 37.378
658 37.3438
659 37.3085
660 37.2737
661 37.2368
662 37.1994
663 37.1618
664 37.1239
665 37.0849
666 37.0449
667 37.0044
668 36.9645
669 36.9219
670 36.8803
671 36.8381
672 36.794
673 36.7514
674 36.7061
675 36.6627
676 36.6173
677 36.5717
678 36.5262
679 36.4799
680 36.4334
681 36.3872
682 36.3414
683 36.2948
684 36.2481
685 36.2017
686 36.1549
687 36.1085
688 36.062
689 36.0165
690 35.9695
691 35.9233
692 35.8767
693 35.8307
694 35.7842
695 35.7375
696 35.6906
697 35.6435
698 35.5974
699 35.5508
700 35.5038
701 35.4578
702 35.4114
703 35.3646
704 35.3175
705 35.271
706 35.2253
707 35.1785
708 35.1319
709 35.0856
710 35.039
711 34.9923
712 34.9472
713 34.901
714 34.8553
715 34.8091
716 34.764
717 34.7186
718 34.6743
719 34.6297
720 34.5848
721 34.541
722 34.4968
723 34.4524
724 34.4091
725 34.3667
726 34.3239
727 34.2809
728 34.2388
729 34.1983
730 34.1566
731 34.1154
732 34.0756
733 34.0355
734 33.996
735 33.957
736 33.9177
737 33.8799
738 33.8434
739 33.8058
740 33.7687
741 33.733
742 33.6978
743 33.6632
744 33.6282
745 33.5946
746 33.5624
747 33.5301
748 33.4977
749 33.4664
750 33.4361
751 33.4057
752 33.3763
753 33.3479
754 33.3204
755 33.292
756 33.2664
757 33.2398
758 33.2141
759 33.1902
760 33.1663
761 33.1432
762 33.1209
763 33.0993
764 33.0785
765 33.0585
766 33.0391
767 33.0204
768 33.0024
769 32.9864
770 32.9696
771 32.9547
772 32.9389
773 32.9251
774 32.913
775 32.9
776 32.8893
777 32.8779
778 32.8677
779 32.8596
780 32.8499
781 32.843
782 32.8363
783 32.8306
784 32.825
785 32.8211
786 32.8173
787 32.8152
788 32.8131
789 32.8111
790 32.8106
791 32.811
792 32.813
793 32.8149
794 32.8181
795 32.8214
796 32.8259
797 32.8303
798 32.8361
799 32.8431
800 32.8513
801 32.8594
802 32.8673
803 32.8777
804 32.8879
805 32.8992
806 32.9115
807 32.9235
808 32.9366
809 32.9514
810 32.9658
811 32.9807
812 32.9963
813 33.0133
814 33.0315
815 33.0492
816 33.0676
817 33.0866
818 33.1074
819 33.1276
820 33.1494
821 33.1704
822 33.193
823 33.2159
824 33.239
825 33.2634
826 33.288
827 33.3136
828 33.3393
829 33.3658
830 33.3922
831 33.4194
832 33.4472
833 33.4746
834 33.5043
835 33.5325
836 33.5628
837 33.593
838 33.6233
839 33.6538
840 33.685
841 33.7157
842 33.7478
843 33.7809
844 33.8128
845 33.8453
846 33.8788
847 33.9126
848 33.9466
849 33.9806
850 34.0148
851 34.0488
852 34.0841
853 34.1191
854 34.1537
855 34.1892
856 34.2253
857 34.2607
858 34.2966
859 34.3328
860 34.3681
861 34.4052
862 34.442
863 34.4778
864 34.514
865 34.5514
866 34.5875
867 34.6237
868 34.6606
869 34.6981
870 34.7346
871 34.7713
872 34.8069
873 34.8444
874 34.8809
875 34.9171
876 34.9527
877 34.9899
878 35.026
879 35.0611
880 35.0978
881 35.1339
882 35.1682
883 35.2042
884 35.2395
885 35.2739
886 35.3094
887 35.344
888 35.3784
889 35.4126
890 35.4468
891 35.4795
892 35.5128
893 35.5467
894 35.5794
895 35.6124
896 35.6435
897 35.6756
898 35.7067
899 35.738
900 35.7694
901 35.7997