1 0
2 0.308228
3 0.588538
4 0.868085
5 1.14003
6 1.40208
7 1.65211
8 1.89348
9 2.12405
10 2.34504
11 2.55983
12 2.768
13 2.96663
14 3.16258
15 3.3527
16 3.5373
17 3.71729
18 3.89288
19 4.06762
20 4.23633
21 4.40042
22 4.56358
23 4.72557
24 4.88066
25 5.03762
26 5.18937
27 5.34194
28 5.49101
29 5.63913
30 5.78322
31 5.92699
32 6.07015
33 6.20941
34 6.34804
35 6.48581
36 6.62251
37 6.75799
38 6.89142
39 7.02419
40 7.15591
41 7.28623
42 7.41485
43 7.54337
44 7.67131
45 7.79819
46 7.92183
47 8.04722
48 8.17021
49 8.29372
50 8.41546
51 8.53652
52 8.65774
53 8.77551
54 8.89507
55 9.01265
56 9.13025
57 9.2485
58 9.3637
59 9.47853
60 9.59481
61 9.7079
62 9.82215
63 9.93538
64 10.0479
65 10.1593
66 10.2706
67 10.3827
68 10.4924
69 10.6018
70 10.7108
71 10.8212
72 10.9279
73 11.0371
74 11.1441
75 11.252
76 11.3574
77 11.4633
78 11.5694
79 11.6753
80 11.7794
81 11.8843
82 11.9883
83 12.0912
84 12.1953
85 12.2977
86 12.4007
87 12.5027
88 12.6046
89 12.7064
90 12.8069
91 12.9072
92 13.0085
93 13.1086
94 13.2084
95 13.3086
96 13.4073
97 13.5062
98 13.6046
99 13.7037
100 13.8013
101 13.8985
102 13.996
103 14.093
104 14.1895
105 14.2858
106 14.3829
107 14.4782
108 14.5744
109 14.669
110 14.7657
111 14.8604
112 14.9555
113 15.0492
114 15.1429
115 15.2373
116 15.3313
117 15.4254
118 15.5182
119 15.6115
120 15.7047
121 15.7962
122 15.8888
123 15.9818
124 16.0741
125 16.1643
126 16.2566
127 16.3474
128 16.4387
129 16.5303
130 16.6201
131 16.7108
132 16.8009
133 16.8916
134 16.9814
135 17.0718
136 17.1613
137 17.2499
138 17.3397
139 17.4282
140 17.5167
141 17.6066
142 17.6948
143 17.7827
144 17.8709
145 17.9598
146 18.0467
147 18.1354
148 18.2213
149 18.3092
150 18.3958
151 18.4828
152 18.5699
153 18.6572
154 18.7432
155 18.8298
156 18.9168
157 19.0031
158 19.0885
159 19.174
160 19.2596
161 19.345
162 19.4302
163 19.516
164 19.6003
165 19.6855
166 19.7703
167 19.8555
168 19.9395
169 20.0244
170 20.1086
171 20.1916
172 20.2761
173 20.3597
174 20.444
175 20.5271
176 20.6104
177 20.6939
178 20.7773
179 20.8603
180 20.9443
181 21.026
182 21.1084
183 21.1912
184 21.274
185 21.3566
186 21.4385
187 21.5219
188 21.6025
189 21.6852
190 21.7674
191 21.8482
192 21.9306
193 22.0125
194 22.0935
195 22.1749
196 22.2561
197 22.3367
198 22.4176
199 22.4981
200 22.5789
201 22.6592
202 22.7405
203 22.8208
204 22.9013
205 22.9817
206 23.0613
207 23.1415
208 23.2221
209 23.3011
210 23.3813
211 23.4613
212 23.5409
213 23.6202
214 23.6992
215 23.7781
216 23.8583
217 23.9361
218 24.0153
219 24.0948
220 24.1736
221 24.2527
222 24.3311
223 24.4096
224 24.4882
225 24.5662
226 24.6446
227 24.7231
228 24.8014
229 24.8795
230 24.9582
231 25.0348
232 25.1138
233 25.1903
234 25.2687
235 25.3467
236 25.4233
237 25.5005
238 25.578
239 25.6558
240 25.7339
241 25.8104
242 25.8871
243 25.9639
244 26.0408
245 26.1177
246 26.1946
247 26.2713
248 26.3479
249 26.4243
250 26.5008
251 26.5783
252 26.6532
253 26.7301
254 26.8065
255 26.8825
256 26.9579
257 27.0349
258 27.1112
259 27.1867
260 27.2624
261 27.3382
262 27.4131
263 27.4889
264 27.5655
265 27.6409
266 27.7149
267 27.7914
268 27.8664
269 27.9416
270 28.0169
271 28.0923
272 28.1675
273 28.2259
274 28.2737
275 28.3131
276 28.3493
277 28.3809
278 28.4113
279 28.439
280 28.4672
281 28.4942
282 28.5202
283 28.5467
284 28.5737
285 28.5995
286 28.6244
287 28.6512
288 28.6769
289 28.7015
290 28.728
291 28.7534
292 28.7792
293 28.8053
294 28.8302
295 28.8555
296 28.8811
297 28.9069
298 28.933
299 28.9579
300 28.9843
301 29.0095
302 29.035
303 29.0605
304 29.0862
305 29.1119
306 29.1367
307 29.1628
308 29.1882
309 29.2129
310 29.2387
311 29.2639
312 29.2901
313 29.3156
314 29.3403
315 29.3661
316 29.3911
317 29.417
318 29.4421
319 29.4681
320 29.4932
321 29.5176
322 29.5442
323 29.5685
324 29.595
325 29.6191
326 29.6452
327 29.6705
328 29.6962
329 29.7211
330 29.7463
331 29.772
332 29.7967
333 29.8217
334 29.8481
335 29.8736
336 29.898
337 29.9237
338 29.9484
339 29.9742
340 29.9989
341 30.0246
342 30.0502
343 30.0756
344 30.0998
345 30.1257
346 30.1513
347 30.1755
348 30.2003
349 30.2255
350 30.251
351 30.2751
352 30.301
353 30.3253
354 30.3496
355 30.374
356 30.3992
357 30.4239
358 30.4481
359 30.4725
360 30.4971
361 30.5216
362 30.5458
363 30.571
364 30.5953
365 30.6188
366 30.6433
367 30.6667
368 30.691
369 30.7152
370 30.7393
371 30.7633
372 30.7871
373 30.8107
374 30.8343
375 30.8577
376 30.8819
377 30.9052
378 30.9277
379 30.951
380 30.975
381 30.9981
382 31.0204
383 31.0435
384 31.0672
385 31.0901
386 31.1121
387 31.1348
388 31.1582
389 31.1807
390 31.2039
391 31.2262
392 31.2477
393 31.2699
394 31.2927
395 31.3146
396 31.3371
397 31.3588
398 31.3805
399 31.4027
400 31.4243
401 31.4463
402 31.4677
403 31.4885
404 31.5107
405 31.5322
406 31.5531
407 31.5734
408 31.5949
409 31.6157
410 31.6367
411 31.658
412 31.6786
413 31.6985
414 31.7193
415 31.7395
416 31.7606
417 31.7801
418 31.7998
419 31.8202
420 31.8399
421 31.8603
422 31.8798
423 31.9001
424 31.9195
425 31.9381
426 31.9573
427 31.9769
428 31.9957
429 32.015
430 32.0346
431 32.0534
432 32.0715
433 32.0899
434 32.1088
435 32.1269
436 32.1453
437 32.163
438 32.1811
439 32.1996
440 32.2173
441 32.2354
442 32.2526
443 32.2703
444 32.2883
445 32.3056
446 32.322
447 32.34
448 32.3561
449 32.3737
450 32.3905
451 32.4065
452 32.4229
453 32.4403
454 32.4557
455 32.4724
456 32.4903
457 32.5095
458 32.5307
459 32.5522
460 32.5732
461 32.5952
462 32.6182
463 32.6405
464 32.6623
465 32.6851
466 32.7087
467 32.7317
468 32.754
469 32.7771
470 32.801
471 32.8243
472 32.8468
473 32.87
474 32.8939
475 32.9171
476 32.9395
477 32.9639
478 32.9875
479 33.0103
480 33.0337
481 33.0574
482 33.0817
483 33.105
484 33.1288
485 33.1529
486 33.1761
487 33.2007
488 33.2244
489 33.2483
490 33.2724
491 33.2966
492 33.3208
493 33.3441
494 33.3685
495 33.3928
496 33.417
497 33.4411
498 33.4651
499 33.4899
500 33.5135
501 33.5386
502 33.5633
503 33.5869
504 33.6117
505 33.6361
506 33.6601
507 33.6853
508 33.7094
509 33.7345
510 33.7584
511 33.783
512 33.8073
513 33.8321
514 33.8563
515 33.8807
516 33.9052
517 33.9304
518 33.9544
519 33.9795
520 34.0039
521 34.0293
522 34.0539
523 34.078
524 34.1028
525 34.1269
526 34.1516
527 34.1769
528 34.2013
529 34.2262
530 34.2503
531 34.2747
532 34.2994
533 34.3246
534 34.3496
535 34.3735
536 34.3982
537 34.4234
538 34.4476
539 34.4723
540 34.4967
541 34.5208
542 34.5453
543 34.5701
544 34.5953
545 34.6191
546 34.6433
547 34.669
548 34.6934
549 34.7178
550 34.7422
551 34.7666
552 34.7909
553 34.815
554 34.8391
555 34.8638
556 34.8871
557 34.9124
558 34.9361
559 34.96
560 34.9837
561 35.0086
562 35.033
563 35.0566
564 35.0813
565 35.1049
566 35.1285
567 35.1528
568 35.1768
569 35.2002
570 35.2248
571 35.2486
572 35.2716
573 35.2952
574 35.3191
575 35.343
576 35.3661
577 35.39
578 35.4136
579 35.4365
580 35.4603
581 35.4829
582 35.5068
583 35.5301
584 35.5535
585 35.5763
586 35.5998
587 35.6226
588 35.6462
589 35.6681
590 35.6913
591 35.7138
592 35.7365
593 35.7602
594 35.782
595 35.8049
596 35.8273
597 35.8507
598 35.8723
599 35.8949
600 35.9171
601 35.9402
602 35.9616
603 35.9839
604 36.0059
605 36.0275
606 36.05
607 36.0721
608 36.0938
609 36.1159
610 36.1372
611 36.1586
612 36.18
613 36.2014
614 36.2228
615 36.2442
616 36.2655
617 36.2868
618 36.3079
619 36.3289
620 36.3497
621 36.3712
622 36.3916
623 36.4126
624 36.4326
625 36.4531
626 36.474
627 36.4938
628 36.514
629 36.5346
630 36.5553
631 36.5749
632 36.5947
633 36.6147
634 36.6348
635 36.655
636 36.6743
637 36.6944
638 36.7134
639 36.733
640 36.7515
641 36.7705
642 36.7897
643 36.8091
644 36.8286
645 36.8467
646 36.8659
647 36.8847
648 36.9032
649 36.9214
650 36.9394
651 36.9583
652 36.977
653 36.9941
654 37.0123
655 37.0303
656 37.048
657 37.0655
658 37.084
659 37.101
660 37.119
661 37.1363
662 37.1531
663 37.1702
664 37.1877
665 37.2047
666 37.2211
667 37.2379
668 37.2551
669 37.2708
670 37.2869
671 37.3042
672 37.3193
673 37.3356
674 37.3513
675 37.3683
676 37.383
677 37.3989
678 37.4144
679 37.4301
680 37.4462
681 37.4609
682 37.476
683 37.4905
684 37.5063
685 37.5207
686 37.5354
687 37.5496
688 37.565
689 37.5783
690 37.5927
691 37.6066
692 37.6216
693 37.6346
694 37.6487
695 37.6623
696 37.6754
697 37.6897
698 37.7027
699 37.716
700 37.7289
701 37.742
702 37.7541
703 37.7671
704 37.7799
705 37.7924
706 37.8057
707 37.8177
708 37.8294
709 37.842
710 37.8533
711 37.8654
712 37.8772
713 37.8888
714 37.9002
715 37.9113
716 37.9222
717 37.9329
718 37.9443
719 37.9545
720 37.9665
721 37.9762
722 37.9868
723 37.9971
724 38.0081
725 38.017
726 38.0275
727 38.0379
728 38.0471
729 38.0569
730 38.0666
731 38.0761
732 38.0853
733 38.0944
734 38.1032
735 38.1119
736 38.1203
737 38.1286
738 38.1375
739 38.1454
740 38.1539
741 38.1615
742 38.1704
743 38.1776
744 38.1862
745 38.193
746 38.2012
747 38.2077
748 38.2155
749 38.2217
750 38.2292
751 38.2366
752 38.2422
753 38.2493
754 38.2562
755 38.2614
756 38.268
757 38.2744
758 38.2807
759 38.2854
760 38.2914
761 38.2973
762 38.303
763 38.3072
764 38.3127
765 38.3181
766 38.3233
767 38.3271
768 38.3321
769 38.337
770 38.3418
771 38.3451
772 38.3497
773 38.3542
774 38.3573
775 38.3616
776 38.3645
777 38.3686
778 38.3714
779 38.3753
780 38.378
781 38.3805
782 38.3836
783 38.3867
784 38.3898
785 38.3909
786 38.3939
787 38.396
788 38.398
789 38.4
790 38.402
791 38.4031
792 38.405
793 38.4061
794 38.408
795 38.409
796 38.41
797 38.411
798 38.412
799 38.4129
800 38.413
801 38.414
802 38.4133
803 38.4143
804 38.4136
805 38.4137
806 38.4131
807 38.4131
808 38.4125
809 38.4119
810 38.4113
811 38.4107
812 38.4101
813 38.4082
814 38.4077
815 38.4059
816 38.4041
817 38.4023
818 38.4006
819 38.399
820 38.3973
821 38.3957
822 38.3929
823 38.3901
824 38.3886
825 38.3859
826 38.3833
827 38.3794
828 38.3772
829 38.3741
830 38.371
831 38.368
832 38.364
833 38.361
834 38.3563
835 38.3533
836 38.3487
837 38.3449
838 38.3403
839 38.3367
840 38.3322
841 38.3278
842 38.3234
843 38.3182
844 38.3139
845 38.308
846 38.303
847 38.2972
848 38.2932
849 38.2876
850 38.2821
851 38.2758
852 38.2704
853 38.2635
854 38.2583
855 38.2516
856 38.245
857 38.2393
858 38.2329
859 38.2266
860 38.2189
861 38.2129
862 38.2054
863 38.1981
864 38.191
865 38.184
866 38.1771
867 38.169
868 38.161
869 38.1532
870 38.1456
871 38.1381
872 38.1295
873 38.1224
874 38.1141
875 38.1048
876 38.097
877 38.0881
878 38.0795
879 38.0711
880 38.0618
881 38.0527
882 38.0439
883 38.0342
884 38.0249
885 38.0158
886 38.006
887 37.9965
888 37.9864
889 37.9766
890 37.9671
891 37.957
892 37.9463
893 37.9369
894 37.9269
895 37.9154
896 37.9061
897 37.8953
898 37.8841
899 37.8732
900 37.8618
901 37.8509
902 37.8404