1 0
2 0.308228
3 0.588538
4 0.868085
5 1.14003
6 1.40208
7 1.65211
8 1.89348
9 2.12405
10 2.34504
11 2.55983
12 2.768
13 2.96663
14 3.16258
15 3.3527
16 3.5373
17 3.71729
18 3.89288
19 4.06762
20 4.23633
21 4.40042
22 4.56358
23 4.72557
24 4.88066
25 5.03762
26 5.18937
27 5.34194
28 5.49101
29 5.63913
30 5.78322
31 5.92699
32 6.07015
33 6.20941
34 6.34804
35 6.48581
36 6.62251
37 6.75799
38 6.89142
39 7.02419
40 7.15591
41 7.28623
42 7.41485
43 7.54337
44 7.67131
45 7.79819
46 7.92183
47 8.04722
48 8.17021
49 8.29372
50 8.41546
51 8.53652
52 8.65774
53 8.77551
54 8.89507
55 9.01265
56 9.13025
57 9.2485
58 9.3637
59 9.47853
60 9.59481
61 9.7079
62 9.82215
63 9.93538
64 10.0479
65 10.1593
66 10.2706
67 10.3827
68 10.4924
69 10.6018
70 10.7108
71 10.8212
72 10.9279
73 11.0371
74 11.1441
75 11.252
76 11.3574
77 11.4633
78 11.5694
79 11.6753
80 11.7794
81 11.8843
82 11.9883
83 12.0912
84 12.1953
85 12.2977
86 12.4007
87 12.5027
88 12.6046
89 12.7064
90 12.8069
91 12.9072
92 13.0085
93 13.1086
94 13.2084
95 13.3086
96 13.4073
97 13.5062
98 13.6046
99 13.7037
100 13.8013
101 13.8985
102 13.996
103 14.093
104 14.1895
105 14.2858
106 14.3829
107 14.4782
108 14.5744
109 14.669
110 14.7657
111 14.8604
112 14.9555
113 15.0492
114 15.1429
115 15.2373
116 15.3313
117 15.4254
118 15.5182
119 15.6115
120 15.7047
121 15.7962
122 15.8888
123 15.9818
124 16.0741
125 16.1643
126 16.2566
127 16.3474
128 16.4387
129 16.5303
130 16.6201
131 16.7108
132 16.8009
133 16.8916
134 16.9814
135 17.0718
136 17.1613
137 17.2499
138 17.3397
139 17.4282
140 17.5167
141 17.6066
142 17.6948
143 17.7827
144 17.8709
145 17.9598
146 18.0467
147 18.1354
148 18.2213
149 18.3092
150 18.3958
151 18.4828
152 18.5699
153 18.6572
154 18.7432
155 18.8298
156 18.9168
157 19.0031
158 19.0885
159 19.174
160 19.2596
161 19.345
162 19.4302
163 19.516
164 19.6003
165 19.6855
166 19.7703
167 19.8555
168 19.9395
169 20.0244
170 20.1086
171 20.1916
172 20.2761
173 20.3597
174 20.444
175 20.5271
176 20.6104
177 20.6939
178 20.7773
179 20.8603
180 20.9443
181 21.026
182 21.1084
183 21.1912
184 21.274
185 21.3566
186 21.4385
187 21.5219
188 21.6025
189 21.6852
190 21.7674
191 21.8482
192 21.9306
193 22.0125
194 22.0935
195 22.1749
196 22.2561
197 22.3367
198 22.4176
199 22.4981
200 22.5789
201 22.6592
202 22.7405
203 22.8208
204 22.9013
205 22.9817
206 23.0613
207 23.1415
208 23.2221
209 23.3011
210 23.3813
211 23.4613
212 23.5409
213 23.6202
214 23.6992
215 23.7781
216 23.8583
217 23.9361
218 24.0153
219 24.0948
220 24.1736
221 24.2527
222 24.3311
223 24.4096
224 24.4882
225 24.5662
226 24.6446
227 24.7231
228 24.8014
229 24.8795
230 24.9582
231 25.0348
232 25.1138
233 25.1903
234 25.2687
235 25.3467
236 25.4233
237 25.5005
238 25.578
239 25.6558
240 25.7339
241 25.8104
242 25.8871
243 25.9639
244 26.0408
245 26.1177
246 26.1946
247 26.2713
248 26.3479
249 26.4243
250 26.5008
251 26.5783
252 26.6532
253 26.7301
254 26.8065
255 26.8825
256 26.9426
257 26.9899
258 27.0314
259 27.0674
260 27.1002
261 27.13
262 27.1589
263 27.187
264 27.2153
265 27.2418
266 27.2695
267 27.2955
268 27.3216
269 27.3481
270 27.3747
271 27.4006
272 27.4257
273 27.452
274 27.4755
275 27.4981
276 27.5188
277 27.5391
278 27.5576
279 27.5772
280 27.5965
281 27.6154
282 27.6339
283 27.6521
284 27.6699
285 27.6888
286 27.7073
287 27.7254
288 27.7445
289 27.7631
290 27.7814
291 27.7994
292 27.8182
293 27.8366
294 27.8547
295 27.8735
296 27.892
297 27.9101
298 27.9278
299 27.9473
300 27.9654
301 27.9841
302 28.0024
303 28.0203
304 28.0388
305 28.057
306 28.0757
307 28.094
308 28.1119
309 28.1303
310 28.1492
311 28.1668
312 28.1848
313 28.2033
314 28.2223
315 28.2408
316 28.2588
317 28.2763
318 28.2951
319 28.3134
320 28.3311
321 28.3518
322 28.3752
323 28.3978
324 28.4228
325 28.4469
326 28.4717
327 28.4971
328 28.523
329 28.5479
330 28.5733
331 28.5992
332 28.6255
333 28.6508
334 28.6765
335 28.7026
336 28.7276
337 28.7531
338 28.7788
339 28.8049
340 28.8299
341 28.8552
342 28.8808
343 28.9066
344 28.9327
345 28.9576
346 28.984
347 29.0093
348 29.0347
349 29.0603
350 29.086
351 29.1117
352 29.1347
353 29.1552
354 29.1753
355 29.1949
356 29.214
357 29.2327
358 29.251
359 29.2697
360 29.288
361 29.3067
362 29.325
363 29.3428
364 29.3601
365 29.3787
366 29.3969
367 29.4146
368 29.4334
369 29.4502
370 29.4681
371 29.4871
372 29.504
373 29.522
374 29.5411
375 29.5581
376 29.5761
377 29.5951
378 29.6121
379 29.63
380 29.6488
381 29.6671
382 29.6862
383 29.7033
384 29.722
385 29.7411
386 29.7586
387 29.7774
388 29.7956
389 29.8145
390 29.8327
391 29.8515
392 29.8697
393 29.8872
394 29.9054
395 29.924
396 29.9452
397 29.9679
398 29.9929
399 30.0178
400 30.0427
401 30.0694
402 30.0959
403 30.122
404 30.1487
405 30.1749
406 30.2015
407 30.2284
408 30.2554
409 30.2808
410 30.3079
411 30.3334
412 30.3602
413 30.3861
414 30.4126
415 30.4394
416 30.4644
417 30.4913
418 30.5178
419 30.5431
420 30.5685
421 30.5944
422 30.6201
423 30.6467
424 30.6718
425 30.6978
426 30.7235
427 30.7489
428 30.7741
429 30.8
430 30.8256
431 30.8509
432 30.8758
433 30.9009
434 30.9267
435 30.9515
436 30.9763
437 31.0009
438 31.0261
439 31.0512
440 31.0762
441 31.101
442 31.1256
443 31.1508
444 31.1751
445 31.1999
446 31.2239
447 31.2483
448 31.2734
449 31.2975
450 31.3221
451 31.3472
452 31.3713
453 31.3948
454 31.4197
455 31.4439
456 31.4674
457 31.4921
458 31.5161
459 31.5393
460 31.5637
461 31.5873
462 31.611
463 31.6348
464 31.6587
465 31.6826
466 31.7057
467 31.7295
468 31.7525
469 31.7762
470 31.8005
471 31.8238
472 31.8462
473 31.8706
474 31.8939
475 31.9162
476 31.9401
477 31.963
478 31.9861
479 32.0095
480 32.0319
481 32.0545
482 32.0774
483 32.1005
484 32.1238
485 32.146
486 32.1697
487 32.1922
488 32.2138
489 32.2368
490 32.2599
491 32.2819
492 32.3041
493 32.3275
494 32.3499
495 32.3712
496 32.3938
497 32.4154
498 32.4381
499 32.4602
500 32.4826
501 32.5053
502 32.5266
503 32.5482
504 32.5708
505 32.5929
506 32.6144
507 32.6361
508 32.658
509 32.6794
510 32.7016
511 32.7233
512 32.7444
513 32.7664
514 32.7877
515 32.8085
516 32.8301
517 32.8525
518 32.8728
519 32.8953
520 32.9157
521 32.9369
522 32.9587
523 32.9799
524 33.0004
525 33.0216
526 33.0421
527 33.0643
528 33.0847
529 33.1056
530 33.1258
531 33.1476
532 33.1687
533 33.1891
534 33.2099
535 33.2299
536 33.2504
537 33.2712
538 33.2922
539 33.3125
540 33.3331
541 33.3538
542 33.3738
543 33.3939
544 33.4143
545 33.4347
546 33.4553
547 33.475
548 33.4956
549 33.5154
550 33.5361
551 33.5558
552 33.5763
553 33.5959
554 33.6162
555 33.6355
556 33.6549
557 33.6758
558 33.6948
559 33.7142
560 33.7349
561 33.7547
562 33.7736
563 33.7936
564 33.8128
565 33.8328
566 33.8518
567 33.8716
568 33.8903
569 33.9096
570 33.9292
571 33.9492
572 33.9679
573 33.9867
574 34.0068
575 34.0254
576 34.0449
577 34.0643
578 34.0835
579 34.1025
580 34.1213
581 34.1399
582 34.1584
583 34.1779
584 34.1958
585 34.2149
586 34.2348
587 34.2531
588 34.2711
589 34.29
590 34.3091
591 34.3275
592 34.3462
593 34.365
594 34.383
595 34.4021
596 34.4204
597 34.4379
598 34.4565
599 34.475
600 34.4936
601 34.5115
602 34.5301
603 34.5479
604 34.5665
605 34.5843
606 34.6027
607 34.6203
608 34.6386
609 34.6574
610 34.6753
611 34.6938
612 34.7113
613 34.7294
614 34.7478
615 34.7653
616 34.7845
617 34.8027
618 34.82
619 34.8384
620 34.856
621 34.8746
622 34.8924
623 34.9109
624 34.9286
625 34.9462
626 34.9636
627 34.9815
628 34.9998
629 35.0171
630 35.0358
631 35.0535
632 35.0711
633 35.0887
634 35.1061
635 35.1232
636 35.1409
637 35.159
638 35.1764
639 35.1933
640 35.2113
641 35.2285
642 35.2458
643 35.2631
644 35.2803
645 35.2973
646 35.3154
647 35.3318
648 35.3492
649 35.3661
650 35.3828
651 35.4001
652 35.4161
653 35.4326
654 35.4492
655 35.4659
656 35.4825
657 35.5001
658 35.516
659 35.5325
660 35.5493
661 35.565
662 35.5815
663 35.5974
664 35.614
665 35.6292
666 35.6452
667 35.6612
668 35.6763
669 35.6924
670 35.7077
671 35.7231
672 35.7399
673 35.7541
674 35.7699
675 35.7858
676 35.8006
677 35.8156
678 35.8301
679 35.8457
680 35.8602
681 35.8755
682 35.8898
683 35.9046
684 35.9183
685 35.9336
686 35.9477
687 35.9621
688 35.9753
689 35.9902
690 36.004
691 36.018
692 36.0309
693 36.0455
694 36.0589
695 36.0727
696 36.0854
697 36.0996
698 36.1121
699 36.1259
700 36.1384
701 36.1514
702 36.1639
703 36.1769
704 36.1894
705 36.2024
706 36.2149
707 36.227
708 36.2386
709 36.2516
710 36.2632
711 36.2752
712 36.2872
713 36.2988
714 36.31
715 36.3219
716 36.3333
717 36.3444
718 36.3549
719 36.3667
720 36.378
721 36.3881
722 36.3985
723 36.4101
724 36.4196
725 36.4303
726 36.4405
727 36.4503
728 36.4612
729 36.4702
730 36.4802
731 36.4898
732 36.499
733 36.5092
734 36.519
735 36.5283
736 36.5372
737 36.5457
738 36.5539
739 36.563
740 36.5717
741 36.58
742 36.5893
743 36.5968
744 36.6052
745 36.6133
746 36.621
747 36.629
748 36.6368
749 36.6444
750 36.6517
751 36.6607
752 36.6676
753 36.6761
754 36.6835
755 36.6915
756 36.6992
757 36.7068
758 36.7141
759 36.7227
760 36.7296
761 36.7377
762 36.7456
763 36.7532
764 36.7606
765 36.7691
766 36.776
767 36.784
768 36.7917
769 36.7991
770 36.8063
771 36.8145
772 36.8211
773 36.8299
774 36.8372
775 36.8442
776 36.852
777 36.8595
778 36.8668
779 36.8737
780 36.8824
781 36.8887
782 36.8967
783 36.9043
784 36.9116
785 36.9185
786 36.9269
787 36.933
788 36.9407
789 36.9479
790 36.9563
791 36.9631
792 36.9707
793 36.9779
794 36.9847
795 36.9922
796 36.9992
797 37.0067
798 37.0137
799 37.0211
800 37.0287
801 37.0357
802 37.0421
803 37.0492
804 37.057
805 37.0641
806 37.0707
807 37.078
808 37.0858
809 37.0919
810 37.0987
811 37.1061
812 37.1141
813 37.1203
814 37.1268
815 37.1349
816 37.141
817 37.1486
818 37.1552
819 37.1625
820 37.1696
821 37.1765
822 37.1831
823 37.1896
824 37.1968
825 37.2038
826 37.2106
827 37.218
828 37.2244
829 37.2315
830 37.2383
831 37.245
832 37.2515
833 37.2577
834 37.2656
835 37.2714
836 37.2789
837 37.2852
838 37.2922
839 37.2982
840 37.3054
841 37.3124
842 37.3192
843 37.3247
844 37.3325
845 37.339
846 37.3453
847 37.3514
848 37.3586
849 37.3657
850 37.3714
851 37.3782
852 37.3847
853 37.3912
854 37.3975
855 37.4036
856 37.4107
857 37.4165
858 37.4243
859 37.4299
860 37.4363
861 37.4435
862 37.4496
863 37.4565
864 37.4622
865 37.4688
866 37.4751
867 37.4813
868 37.4874
869 37.4941
870 37.4998
871 37.5071
872 37.5124
873 37.5193
874 37.5259
875 37.5323
876 37.5386
877 37.5446
878 37.5505
879 37.5562
880 37.5633
881 37.5694
882 37.5761
883 37.5817
884 37.588
885 37.5942
886 37.6001
887 37.6058
888 37.6129
889 37.6182
890 37.625
891 37.6307
892 37.6371
893 37.6432
894 37.6491
895 37.6549
896 37.6604
897 37.6674
898 37.6726
899 37.6791
900 37.6855
901 37.6916