1 0
2 0.308228
3 0.588538
4 0.868085
5 1.14003
6 1.40208
7 1.65211
8 1.89348
9 2.12405
10 2.34504
11 2.55983
12 2.768
13 2.96663
14 3.16258
15 3.3527
16 3.5373
17 3.71729
18 3.89288
19 4.06762
20 4.23633
21 4.40042
22 4.56358
23 4.72557
24 4.88066
25 5.03762
26 5.18937
27 5.34194
28 5.49101
29 5.63913
30 5.78322
31 5.92699
32 6.07015
33 6.20941
34 6.34804
35 6.48581
36 6.62251
37 6.75799
38 6.89142
39 7.02419
40 7.15591
41 7.28623
42 7.41485
43 7.54337
44 7.67131
45 7.79819
46 7.92183
47 8.04722
48 8.17021
49 8.29372
50 8.41546
51 8.53652
52 8.65774
53 8.77551
54 8.89507
55 9.01265
56 9.13025
57 9.2485
58 9.3637
59 9.47853
60 9.59481
61 9.7079
62 9.82215
63 9.93538
64 10.0479
65 10.1593
66 10.2706
67 10.3827
68 10.4924
69 10.6018
70 10.7108
71 10.8212
72 10.9279
73 11.0371
74 11.1441
75 11.252
76 11.3574
77 11.4633
78 11.5694
79 11.6753
80 11.7794
81 11.8843
82 11.9883
83 12.0912
84 12.1953
85 12.2977
86 12.4007
87 12.5027
88 12.6046
89 12.7064
90 12.8069
91 12.9072
92 13.0085
93 13.1086
94 13.2084
95 13.3086
96 13.4073
97 13.5062
98 13.6046
99 13.7037
100 13.8013
101 13.8985
102 13.996
103 14.093
104 14.1895
105 14.2858
106 14.3829
107 14.4782
108 14.5744
109 14.669
110 14.7657
111 14.8604
112 14.9555
113 15.0492
114 15.1429
115 15.2373
116 15.3313
117 15.4254
118 15.5182
119 15.6115
120 15.7047
121 15.7962
122 15.8888
123 15.9818
124 16.0741
125 16.1643
126 16.2566
127 16.3474
128 16.4387
129 16.5303
130 16.6201
131 16.7108
132 16.8009
133 16.8916
134 16.9814
135 17.0718
136 17.1613
137 17.2499
138 17.3397
139 17.4282
140 17.5167
141 17.6066
142 17.6948
143 17.7827
144 17.8709
145 17.9598
146 18.0467
147 18.1354
148 18.2213
149 18.3092
150 18.3958
151 18.4828
152 18.5699
153 18.6572
154 18.7432
155 18.8298
156 18.9168
157 19.0031
158 19.0885
159 19.174
160 19.2596
161 19.345
162 19.4302
163 19.516
164 19.6003
165 19.6855
166 19.7703
167 19.8555
168 19.9395
169 20.0244
170 20.1086
171 20.1916
172 20.2761
173 20.3597
174 20.444
175 20.5271
176 20.6104
177 20.6939
178 20.7773
179 20.8603
180 20.9443
181 21.026
182 21.1084
183 21.1912
184 21.274
185 21.3566
186 21.4385
187 21.5219
188 21.6025
189 21.6852
190 21.7674
191 21.8482
192 21.9306
193 22.0125
194 22.0935
195 22.1749
196 22.2561
197 22.3367
198 22.4176
199 22.4981
200 22.5789
201 22.6592
202 22.7405
203 22.8208
204 22.9013
205 22.9817
206 23.0613
207 23.1415
208 23.2221
209 23.3011
210 23.3813
211 23.4613
212 23.5409
213 23.6202
214 23.6992
215 23.7781
216 23.8583
217 23.9361
218 24.0153
219 24.0948
220 24.1736
221 24.2527
222 24.3311
223 24.4096
224 24.4882
225 24.5662
226 24.6446
227 24.7231
228 24.8014
229 24.8795
230 24.9582
231 25.0348
232 25.1138
233 25.1903
234 25.2687
235 25.3467
236 25.4233
237 25.5005
238 25.578
239 25.6558
240 25.7339
241 25.8104
242 25.8871
243 25.9639
244 26.0408
245 26.1177
246 26.1946
247 26.2713
248 26.3479
249 26.4243
250 26.5008
251 26.5783
252 26.6532
253 26.7301
254 26.8065
255 26.8825
256 26.9579
257 27.0349
258 27.1112
259 27.1867
260 27.2459
261 27.2939
262 27.3342
263 27.3713
264 27.4032
265 27.4341
266 27.4621
267 27.4908
268 27.5173
269 27.5448
270 27.5716
271 27.5978
272 27.6235
273 27.65
274 27.6758
275 27.7024
276 27.7284
277 27.7537
278 27.7797
279 27.8064
280 27.8323
281 27.8577
282 27.8836
283 27.91
284 27.9357
285 27.9618
286 27.9873
287 28.0132
288 28.0394
289 28.0649
290 28.0907
291 28.1168
292 28.1421
293 28.1686
294 28.1943
295 28.2192
296 28.2452
297 28.2713
298 28.2974
299 28.3226
300 28.3487
301 28.3738
302 28.3997
303 28.4263
304 28.4519
305 28.4765
306 28.5032
307 28.5288
308 28.5535
309 28.5802
310 28.6058
311 28.6318
312 28.6569
313 28.6823
314 28.7082
315 28.7344
316 28.7596
317 28.7851
318 28.8109
319 28.8356
320 28.8621
321 28.8874
322 28.9129
323 28.9387
324 28.9633
325 28.9895
326 29.0145
327 29.041
328 29.0663
329 29.0917
330 29.1172
331 29.1428
332 29.1687
333 29.1939
334 29.2185
335 29.2442
336 29.27
337 29.2961
338 29.3214
339 29.346
340 29.3716
341 29.3972
342 29.423
343 29.4479
344 29.4737
345 29.4987
346 29.5244
347 29.5493
348 29.5749
349 29.5997
350 29.6251
351 29.651
352 29.6761
353 29.7016
354 29.7276
355 29.7526
356 29.778
357 29.8025
358 29.8285
359 29.8535
360 29.8787
361 29.9041
362 29.9296
363 29.954
364 29.9796
365 30.0051
366 30.0306
367 30.0559
368 30.081
369 30.1059
370 30.1306
371 30.1559
372 30.1817
373 30.2062
374 30.2319
375 30.2571
376 30.2824
377 30.3078
378 30.3333
379 30.3571
380 30.3833
381 30.4079
382 30.433
383 30.4585
384 30.484
385 30.5086
386 30.5338
387 30.5585
388 30.584
389 30.6085
390 30.634
391 30.6593
392 30.6843
393 30.7092
394 30.7338
395 30.7593
396 30.7845
397 30.8095
398 30.8342
399 30.8586
400 30.8843
401 30.9091
402 30.9346
403 30.9592
404 30.9844
405 31.0087
406 31.0337
407 31.0593
408 31.0839
409 31.1092
410 31.1335
411 31.1584
412 31.1839
413 31.2084
414 31.2335
415 31.2591
416 31.2837
417 31.3088
418 31.333
419 31.3577
420 31.3826
421 31.4079
422 31.4324
423 31.4572
424 31.4823
425 31.5065
426 31.532
427 31.5566
428 31.5813
429 31.6061
430 31.631
431 31.6559
432 31.6807
433 31.7055
434 31.7301
435 31.7547
436 31.7798
437 31.804
438 31.8286
439 31.8537
440 31.879
441 31.9032
442 31.9277
443 31.9536
444 31.9772
445 32.0022
446 32.0274
447 32.0514
448 32.0769
449 32.1012
450 32.1257
451 32.1503
452 32.1749
453 32.1997
454 32.2244
455 32.2493
456 32.2741
457 32.299
458 32.3227
459 32.3476
460 32.3725
461 32.3973
462 32.4209
463 32.446
464 32.4712
465 32.4958
466 32.5198
467 32.5448
468 32.5691
469 32.5928
470 32.6174
471 32.6429
472 32.6677
473 32.6918
474 32.7167
475 32.7409
476 32.7659
477 32.7901
478 32.8137
479 32.8393
480 32.8628
481 32.8882
482 32.9129
483 32.9368
484 32.9613
485 32.9862
486 33.0104
487 33.0349
488 33.0587
489 33.0829
490 33.1086
491 33.1322
492 33.1562
493 33.1815
494 33.206
495 33.2295
496 33.2543
497 33.2792
498 33.3031
499 33.3271
500 33.3522
501 33.3762
502 33.4011
503 33.425
504 33.4497
505 33.4733
506 33.4977
507 33.5227
508 33.5465
509 33.5709
510 33.5957
511 33.6193
512 33.6448
513 33.6685
514 33.6933
515 33.7171
516 33.7418
517 33.7653
518 33.7896
519 33.8144
520 33.8379
521 33.8635
522 33.8875
523 33.9115
524 33.9355
525 33.9592
526 33.9839
527 34.008
528 34.033
529 34.0573
530 34.0811
531 34.1057
532 34.1295
533 34.1541
534 34.1778
535 34.2022
536 34.2257
537 34.2498
538 34.2743
539 34.2991
540 34.3233
541 34.3466
542 34.3689
543 34.3885
544 34.4082
545 34.4263
546 34.4453
547 34.4618
548 34.4794
549 34.4978
550 34.5138
551 34.5316
552 34.5493
553 34.5663
554 34.5826
555 34.5996
556 34.6174
557 34.6343
558 34.6505
559 34.668
560 34.6854
561 34.702
562 34.7191
563 34.7354
564 34.7536
565 34.7695
566 34.7859
567 34.8014
568 34.8169
569 34.8318
570 34.8462
571 34.86
572 34.875
573 34.8894
574 34.9033
575 34.9166
576 34.9309
577 34.9461
578 34.9592
579 34.9745
580 34.9878
581 35.0017
582 35.0163
583 35.0302
584 35.0421
585 35.0546
586 35.0665
587 35.0777
588 35.0895
589 35.1007
590 35.1122
591 35.1231
592 35.1352
593 35.1466
594 35.1573
595 35.1681
596 35.1807
597 35.1912
598 35.2021
599 35.2137
600 35.2229
601 35.2314
602 35.2408
603 35.2495
604 35.259
605 35.2678
606 35.2759
607 35.2847
608 35.2929
609 35.3017
610 35.3099
611 35.3187
612 35.3268
613 35.3354
614 35.3434
615 35.3521
616 35.3605
617 35.3684
618 35.3778
619 35.385
620 35.3918
621 35.3984
622 35.4046
623 35.4105
624 35.4162
625 35.4216
626 35.4283
627 35.4331
628 35.4393
629 35.4451
630 35.4506
631 35.4559
632 35.4622
633 35.4669
634 35.4726
635 35.4781
636 35.4845
637 35.4897
638 35.4956
639 35.5003
640 35.5039
641 35.5074
642 35.5108
643 35.514
644 35.5171
645 35.5201
646 35.523
647 35.5258
648 35.5284
649 35.5323
650 35.5347
651 35.537
652 35.5405
653 35.5426
654 35.5458
655 35.5488
656 35.5517
657 35.5544
658 35.557
659 35.5595
660 35.5619
661 35.5631
662 35.5633
663 35.5645
664 35.5647
665 35.5649
666 35.5651
667 35.5653
668 35.5655
669 35.5656
670 35.5658
671 35.565
672 35.5652
673 35.5654
674 35.5656
675 35.5657
676 35.565
677 35.5651
678 35.5653
679 35.5646
680 35.5638
681 35.5631
682 35.5623
683 35.5616
684 35.5597
685 35.559
686 35.5584
687 35.5577
688 35.5559
689 35.5553
690 35.5547
691 35.553
692 35.5524
693 35.5519
694 35.5502
695 35.5497
696 35.5492
697 35.5476
698 35.5471
699 35.5456
700 35.5452
701 35.5437
702 35.5433
703 35.5419
704 35.5415
705 35.5401
706 35.5388
707 35.5384
708 35.5372
709 35.5368
710 35.5347
711 35.5344
712 35.5332
713 35.533
714 35.5309
715 35.5307
716 35.5296
717 35.5294
718 35.5275
719 35.5274
720 35.5255
721 35.5254
722 35.5236
723 35.5235
724 35.5219
725 35.5218
726 35.5202
727 35.5201
728 35.5185
729 35.5178
730 35.5163
731 35.5163
732 35.5149
733 35.5135
734 35.5136
735 35.5123
736 35.511
737 35.5111
738 35.5099
739 35.5087
740 35.5075
741 35.5064
742 35.5066
743 35.5055
744 35.5045
745 35.5035
746 35.5025
747 35.5016
748 35.5007
749 35.4999
750 35.4991
751 35.4983
752 35.4975
753 35.4968
754 35.4961
755 35.4954
756 35.4933
757 35.4928
758 35.4922
759 35.4917
760 35.4898
761 35.4893
762 35.4889
763 35.4885
764 35.4867
765 35.4864
766 35.4847
767 35.4845
768 35.4842
769 35.4826
770 35.4824
771 35.4809
772 35.4808
773 35.4794
774 35.478
775 35.478
776 35.4767
777 35.476
778 35.4754
779 35.4748
780 35.4732
781 35.4727
782 35.4721
783 35.4715
784 35.4701
785 35.4695
786 35.469
787 35.4676
788 35.4671
789 35.4666
790 35.4652
791 35.4648
792 35.4634
793 35.463
794 35.4626
795 35.4604
796 35.4601
797 35.4597
798 35.4593
799 35.4573
800 35.4569
801 35.4566
802 35.4555
803 35.4552
804 35.4532
805 35.4529
806 35.4527
807 35.4508
808 35.4506
809 35.4504
810 35.4485
811 35.4483
812 35.4482
813 35.4464
814 35.4462
815 35.4445
816 35.4444
817 35.4435
818 35.4434
819 35.4418
820 35.4417
821 35.4401
822 35.4401
823 35.4385
824 35.4385
825 35.437
826 35.437
827 35.4355
828 35.4356
829 35.4341
830 35.4338
831 35.4324
832 35.4325
833 35.4312
834 35.4299
835 35.43
836 35.4287
837 35.4275
838 35.4276
839 35.4264
840 35.4253
841 35.4255
842 35.4243
843 35.4232
844 35.4234
845 35.4223
846 35.4213
847 35.4202
848 35.4192
849 35.4195
850 35.4186
851 35.4176
852 35.4167
853 35.4158
854 35.4149
855 35.414
856 35.4144
857 35.4136
858 35.4128
859 35.412
860 35.4112
861 35.4104
862 35.4097
863 35.409
864 35.4083
865 35.4076
866 35.407
867 35.4064
868 35.4057
869 35.4051
870 35.4035
871 35.4029
872 35.4024
873 35.4019
874 35.4014
875 35.3999
876 35.3994
877 35.399
878 35.3986
879 35.3972
880 35.3968
881 35.3965
882 35.3951
883 35.3948
884 35.3935
885 35.3933
886 35.393
887 35.3918
888 35.3916
889 35.3904
890 35.3903
891 35.3882
892 35.3881
893 35.388
894 35.387
895 35.386
896 35.386
897 35.3842
898 35.3842
899 35.3833
900 35.3833
901 35.3825
902 35.3817
903 35.3809